393.95898438 233.97367859 241.37702942 2.43856168 0.12139699 1.48902178
391.12542725 231.04008484 238.21847534 2.60248184 0.04715453 1.40821743
396.74307251 214.24769592 233.45071411 2.78931379 0.00174587 1.30960119
382.18090820 238.98358154 236.07545471 2.99188042 -0.10640555 1.23701417
380.76235962 252.26211548 234.20381165 2.67037439 -0.08362021 1.76876616
383.86279297 242.42141724 229.32316589 2.50479198 0.05960041 1.82222450
392.22781372 239.81291199 233.86949158 2.39041114 0.13445459 1.80637991
394.87503052 238.75559998 239.49198914 2.34509993 0.18150130 1.66138041
391.94192505 218.51307678 237.47180176 2.35912442 0.27062437 1.56930220
392.02108765 223.85339355 238.52359009 2.44521689 0.30355957 1.46764219
401.21002197 236.87437439 234.13732910 2.69869304 0.08711275 1.36990666
389.41717529 228.94802856 234.58171082 2.78246975 -0.01663668 1.42456973
389.42440796 235.04621887 232.99459839 2.86724997 -0.07830781 1.39807749
389.27331543 226.88052368 235.40550232 2.70057631 0.02469549 1.54328144
384.15963745 233.00064087 228.43000793 2.42108035 -0.05801155 1.58389926
389.64572144 226.91075134 230.01098633 2.47926116 0.18990327 1.61371124
387.90084839 249.83056641 242.96553040 2.36640716 0.01020782 1.55171239
381.11972046 251.93920898 223.99168396 2.68288898 -0.11419992 1.49995613
382.94055176 233.86853027 230.70083618 3.06032109 -0.18967178 1.34222603
402.97372437 239.46844482 253.56527710 1.99123263 0.19416018 1.48710775
